13101
13101
03000
03000
03000
03000
00000
00000
00000
00000
00000
00000
00000
00000
00000
04040
04040
04040
20202
20202

03000
03000
03000
03000
03000
03000
00000
00000
00000
00000
00000
00000
01010
01010
01010
04040
04040
04040
20202
20202

10101
10101
00000
00000
00000
00000
00000
00000
03000
03000
03000
03000
03000
03000
00000
04040
04040
04040
20202
20202

00000
00000
00000
00000
00000
00000
00000
00000
03000
03000
03000
03000
03000
03000
00000
04040
04040
04040
20202
20202

10101
10101
00000
00000
00000
00000
00000
00000
00000
00000
00000
00000
00000
00000
00000
04040
04040
04040
20202
20202

00000
00000
00000
00000
00000
00000
00000
00000
00000
00000
00000
00000
01010
01010
01010
04040
04040
04040
20202
20202

10300
10300
00300
00300
00300
00300
00000
00000
00000
00000
00000
00000
00000
00000
00000
00040
00040
00040
20202
20202

00000
00000
00300
00300
00300
00300
00000
00000
00000
00000
00000
00000
01010
01010
01010
00040
00040
00040
20202
20202

10101
10101
00000
00000
00000
00000
00300
00300
00300
00300
00300
00300
00000
00000
00000
00040
00040
00040
20202
20202

00000
00000
00000
00000
00000
00000
00300
00300
00300
00300
00300
00300
01010
01010
01010
00040
00040
00040
20202
20202

10101
10101
00000
00000
00000
00000
00000
00000
00000
00000
00000
00000
00300
00300
00300
00340
00340
00340
20202
20202

00000
00000
00000
00000
00000
00000
00000
00000
00000
00000
00000
00000
01310
01310
01310
00340
00340
00340
20202
20202

10131
10131
00030
00030
00030
00030
00000
00000
00000
00000
00000
00000
00000
00000
00000
00040
00040
00040
20202
20202

00030
00030
00030
00030
00030
00030
00000
00000
00000
00000
00000
00000
01010
01010
01010
00040
00040
00040
20202
20202

10101
10101
00000
00000
00000
00000
00000
00000
00030
00030
00030
00030
00030
00030
00000
00040
00040
00040
20202
20202

00000
00000
00000
00000
00000
00000
00000
00000
00030
00030
00030
00030
01030
01030
01000
00040
00040
00040
20202
20202

10101
10101
00000
00000
00000
00000
00003
00003
00003
00003
00003
00003
00000
00000
00000
00040
00040
00040
20202
20202

00000
00000
00000
00000
00000
00000
00003
00003
00003
00003
00003
00003
01010
01010
01010
00040
00040
00040
20202
20202

10101
10101
00000
00000
00000
00000
00000
00000
00000
00000
00000
00000
00003
00003
00003
00043
00043
00043
20202
20202

00000
00000
00000
00000
00000
00000
00000
00000
00000
00000
00000
00000
01013
01013
01013
00043
00043
00043
20202
20202

